(167, 179, 190)
(86, 110, 133)
(61, 67, 79)
(235, 236, 237)
(105, 138, 164)
(169, 177, 198)
(43, 81, 147)
(48, 67, 113)
(81, 107, 162)
(237, 241, 245)
(243, 245, 248)
(112, 114, 117)
(64, 63, 64)
(180, 183, 186)
(43, 42, 42)
(217, 219, 216)
(73, 73, 80)
(242, 244, 244)
(163, 165, 163)
(232, 235, 232)
(148, 147, 140)
(107, 94, 74)
(42, 40, 38)
(88, 76, 58)
(233, 236, 236)
(213, 213, 206)
(237, 240, 240)
(185, 176, 157)
(226, 227, 222)
(145, 118, 93)
(236, 239, 240)
(98, 59, 42)
(121, 77, 59)
(159, 122, 106)
(223, 224, 222)
(82, 85, 89)
(151, 163, 174)
(45, 45, 48)
(233, 238, 240)
(26, 130, 208)
(235, 239, 243)
(52, 52, 53)
(192, 125, 91)
(216, 219, 223)
(83, 82, 84)
(219, 215, 197)
(129, 83, 53)
(155, 106, 73)
(64, 54, 51)
(234, 238, 239)
(24, 24, 24)
(115, 117, 119)
(68, 69, 71)
(234, 238, 239)
(44, 44, 45)
(145, 87, 54)
(235, 239, 239)
(169, 111, 76)
(223, 220, 206)
(88, 50, 31)
(158, 136, 126)
(70, 46, 38)
(113, 67, 48)
(129, 90, 74)
(235, 239, 240)
(136, 134, 141)
(241, 244, 243)
(104, 101, 109)
(171, 170, 174)
(68, 66, 70)
(230, 235, 237)
(64, 68, 80)
(48, 52, 63)
(157, 162, 167)
(81, 85, 96)
(118, 131, 147)
(87, 100, 116)
(64, 76, 92)
(37, 42, 51)
(233, 236, 234)
(184, 186, 180)
(68, 70, 77)
(233, 236, 235)
(196, 61, 67)
(145, 145, 138)
(234, 238, 239)
(110, 112, 110)
(79, 79, 79)
(160, 167, 165)
(133, 135, 132)
(195, 181, 159)
(63, 57, 56)
(235, 239, 240)
(122, 105, 92)
(146, 128, 115)
(102, 100, 97)
(27, 26, 26)
(65, 64, 66)
(43, 43, 44)
(235, 239, 240)
(184, 182, 181)
(67, 71, 80)
(97, 104, 118)
(54, 56, 63)
(232, 236, 240)
(232, 235, 234)
(157, 105, 76)
(52, 47, 52)
(72, 73, 81)
(136, 84, 55)
(136, 140, 151)
(103, 103, 110)
(77, 74, 78)
(115, 118, 131)
(236, 241, 241)
(139, 96, 69)
(158, 119, 93)
(237, 241, 241)
(125, 81, 55)
(92, 57, 35)
(165, 170, 175)
(47, 51, 65)
(219, 223, 227)
(77, 86, 105)
(240, 243, 245)
(193, 186, 178)
(238, 242, 243)
(172, 161, 149)
(111, 112, 113)
(229, 232, 229)
(115, 115, 118)
(53, 52, 54)
(77, 77, 80)
(233, 237, 238)
(37, 36, 38)
(168, 143, 126)
(129, 81, 52)
(231, 236, 237)
(75, 69, 72)
(149, 100, 68)
(243, 36, 49)
(231, 232, 235)
(71, 58, 59)
(222, 11, 30)
(175, 69, 75)
(179, 181, 175)
(129, 129, 124)
(240, 243, 241)
(219, 222, 218)
(232, 234, 230)
(77, 77, 79)
(28, 28, 29)
(226, 230, 237)
(144, 146, 150)
(53, 53, 54)
(195, 181, 184)
(229, 232, 238)
(229, 11, 39)
(149, 72, 76)
(63, 47, 47)
(168, 172, 179)
(77, 76, 79)
(96, 96, 100)
(234, 237, 236)
(58, 57, 60)
(138, 154, 175)
(107, 123, 144)
(233, 236, 235)
(74, 66, 65)
(139, 102, 74)
(231, 235, 236)
(42, 43, 45)
(155, 162, 168)
(118, 120, 121)
(93, 87, 82)
(150, 147, 133)
(239, 241, 241)
(50, 49, 44)
(76, 74, 66)
(109, 106, 86)
(233, 237, 239)
(65, 68, 78)
(147, 146, 150)
(119, 102, 90)
(40, 40, 49)
(174, 179, 187)
(237, 240, 247)
(74, 74, 80)
(221, 227, 239)
(56, 55, 59)
(58, 57, 60)
(30, 29, 32)
(87, 87, 91)
(233, 236, 241)
(43, 41, 45)
(70, 70, 71)
(48, 48, 48)
(233, 236, 238)
(129, 130, 131)
(30, 30, 30)
(225, 227, 228)
(48, 58, 84)
(150, 139, 134)
(119, 92, 78)
(106, 71, 55)
(148, 135, 134)
(60, 55, 61)
(230, 232, 232)
(136, 98, 85)
(118, 76, 63)
(146, 96, 63)
(241, 245, 248)
(91, 79, 72)
(49, 42, 42)
(119, 71, 41)
(104, 106, 106)
(150, 154, 151)
(43, 43, 43)
(239, 244, 248)
(70, 70, 71)
(112, 98, 101)
(238, 242, 245)
(226, 228, 227)
(246, 250, 251)
(172, 159, 162)
(171, 170, 171)
(78, 77, 79)
(230, 233, 234)
(143, 143, 142)
(117, 116, 116)
(195, 195, 182)
(238, 239, 240)
(224, 223, 220)
(246, 247, 248)
(141, 139, 136)
(112, 110, 111)
(54, 54, 59)
(241, 246, 249)
(82, 79, 80)
(37, 35, 39)
(129, 132, 139)
(208, 215, 221)
(189, 195, 205)
(236, 241, 244)
(33, 33, 33)
(115, 126, 145)
(37, 45, 62)
(79, 89, 109)
(226, 235, 245)
(56, 65, 84)
(182, 162, 135)
(79, 66, 60)
(51, 40, 36)
(114, 102, 91)
(237, 242, 246)
(157, 169, 186)
(121, 132, 149)
(227, 230, 231)
(88, 96, 111)
(52, 54, 64)
(57, 56, 57)
(23, 22, 23)
(240, 243, 247)
(38, 37, 38)
(103, 102, 103)
(56, 61, 55)
(117, 120, 113)
(203, 212, 210)
(238, 242, 243)
(83, 87, 81)
(114, 117, 122)
(146, 151, 157)
(242, 247, 251)
(45, 53, 67)
(25, 29, 40)
(229, 231, 232)
(70, 72, 82)
(124, 124, 132)
(46, 47, 57)
(117, 73, 66)
(165, 176, 182)
(49, 59, 78)
(103, 81, 91)
(228, 233, 235)
(29, 39, 54)
(245, 247, 246)
(116, 116, 115)
(187, 187, 185)
(67, 67, 67)
(235, 236, 237)
(38, 37, 40)
(225, 230, 239)
(78, 80, 84)
(155, 158, 165)
(54, 54, 57)
(237, 243, 246)
(149, 157, 174)
(25, 63, 134)
(200, 208, 217)
(124, 92, 70)
(74, 82, 74)
(239, 242, 240)
(207, 203, 186)
(227, 229, 223)
(150, 150, 138)
(40, 43, 56)
(195, 203, 204)
(58, 61, 74)
(84, 84, 97)
(234, 238, 239)
(173, 173, 164)
(241, 244, 242)
(145, 88, 88)
(227, 229, 224)
(206, 203, 186)
(146, 148, 149)
(76, 75, 77)
(32, 31, 32)
(234, 237, 238)
(51, 51, 52)
(163, 128, 115)
(59, 34, 26)
(103, 62, 47)
(131, 92, 79)
(237, 240, 242)
(232, 235, 235)
(58, 51, 50)
(198, 37, 53)
(204, 176, 177)
(215, 79, 89)
(85, 75, 71)
(233, 237, 238)
(127, 125, 124)
(49, 47, 48)
(31, 29, 29)
(177, 192, 186)
(6, 110, 87)
(52, 55, 53)
(231, 236, 234)
(73, 111, 99)
(242, 244, 240)
(54, 63, 79)
(77, 86, 99)
(36, 45, 61)
(155, 163, 163)
(189, 198, 199)
(8, 114, 201)
(232, 237, 238)
(61, 60, 60)
(168, 177, 179)
(101, 99, 100)
(215, 217, 205)
(75, 74, 76)
(43, 42, 43)
(232, 236, 232)
(231, 235, 234)
(155, 141, 103)
(75, 79, 70)
(212, 235, 163)
(42, 43, 38)
(233, 237, 237)
(152, 171, 127)
(215, 239, 159)
(45, 46, 42)
(82, 87, 77)
(61, 61, 64)
(47, 47, 48)
(233, 236, 241)
(93, 93, 95)
(32, 32, 33)
(102, 95, 93)
(50, 46, 42)
(232, 236, 240)
(77, 63, 59)
(36, 33, 28)
(77, 53, 48)
(230, 235, 239)
(97, 76, 69)
(123, 109, 104)
(61, 39, 34)
(82, 61, 54)
(44, 45, 53)
(232, 237, 241)
(89, 88, 95)
(55, 60, 74)
(112, 113, 115)
(233, 237, 242)
(38, 39, 49)
(76, 76, 83)
(53, 53, 64)
(95, 96, 94)
(71, 72, 71)
(234, 238, 239)
(40, 40, 40)
(57, 58, 57)
(29, 41, 56)
(210, 201, 184)
(102, 105, 108)
(241, 243, 242)
(54, 65, 79)
(155, 101, 77)
(63, 57, 60)
(240, 241, 244)
(224, 217, 203)
(130, 75, 52)
(81, 66, 59)
(244, 245, 249)
(136, 135, 132)
(102, 86, 77)
(55, 43, 37)
(153, 143, 139)
(81, 81, 88)
(237, 236, 241)
(61, 60, 65)
(153, 100, 68)
(242, 242, 245)
(193, 151, 108)
(101, 67, 42)
(216, 178, 131)
(160, 115, 79)
(244, 244, 245)
(164, 161, 159)
(76, 75, 75)
(51, 50, 51)
(231, 231, 232)
(242, 238, 237)
(75, 73, 77)
(110, 108, 113)
(46, 44, 48)
(153, 152, 155)
(124, 125, 113)
(43, 38, 33)
(198, 204, 212)
(91, 91, 83)
(236, 241, 243)
(202, 206, 216)
(156, 160, 168)
(68, 68, 69)
(235, 239, 242)
(36, 35, 36)
(61, 61, 65)
(40, 39, 43)
(18, 17, 20)
(233, 237, 242)
(30, 30, 33)
(20, 7, 10)
(84, 59, 79)
(227, 219, 213)
(42, 23, 33)
(117, 73, 179)
(73, 82, 91)
(54, 66, 76)
(237, 237, 234)
(40, 50, 60)
(185, 140, 115)
(233, 237, 240)
(65, 65, 68)
(45, 44, 48)
(86, 88, 92)
(154, 156, 159)
(44, 49, 51)
(100, 104, 108)
(232, 237, 240)
(63, 72, 77)
(214, 219, 228)
(239, 242, 244)
(48, 51, 57)
(139, 140, 146)
(63, 67, 74)
(224, 227, 238)
(129, 133, 125)
(227, 230, 235)
(25, 85, 176)
(87, 91, 89)
(239, 243, 245)
(71, 93, 123)
(88, 114, 147)
(44, 58, 79)
(234, 237, 234)
(166, 174, 178)
(113, 117, 122)
(165, 169, 176)
(137, 142, 148)
(232, 236, 239)
(80, 81, 85)
(233, 236, 236)
(70, 68, 69)
(96, 98, 104)
(216, 216, 203)
(141, 145, 144)
(236, 240, 241)
(176, 143, 130)
(63, 67, 77)
(87, 90, 99)
(223, 226, 227)
(236, 240, 240)
(217, 221, 220)
(188, 194, 193)
(229, 233, 233)
(137, 140, 137)
(164, 161, 149)
(91, 91, 89)
(31, 30, 30)
(225, 230, 236)
(51, 51, 51)
(125, 120, 95)
(241, 240, 240)
(210, 185, 146)
(99, 97, 73)
(71, 70, 52)
(129, 83, 64)
(161, 123, 107)
(230, 232, 232)
(85, 46, 29)
(104, 62, 46)
(234, 237, 237)
(162, 159, 157)
(80, 79, 83)
(243, 246, 245)
(223, 226, 222)
(222, 226, 233)
(24, 77, 163)
(236, 241, 244)
(168, 126, 96)
(185, 192, 208)
(78, 78, 80)
(233, 237, 239)
(46, 45, 46)
(58, 57, 59)
(31, 30, 31)
(69, 69, 70)
(52, 52, 53)
(37, 37, 37)
(232, 236, 238)
(97, 99, 100)
(54, 51, 50)
(231, 235, 237)
(141, 132, 120)
(79, 73, 70)
(38, 34, 31)
(194, 187, 188)
(236, 240, 241)
(154, 85, 91)
(213, 218, 219)
(228, 232, 233)
(131, 122, 124)
(76, 71, 74)
(231, 236, 239)
(54, 53, 54)
(33, 32, 32)
(84, 96, 119)
(232, 236, 238)
(53, 70, 102)
(171, 175, 145)
(46, 51, 65)
(241, 238, 237)
(67, 60, 74)
(43, 36, 49)
(202, 160, 156)
(23, 120, 179)
(224, 228, 232)
(243, 246, 250)
(117, 90, 74)
(237, 241, 245)
(197, 153, 115)
(213, 183, 149)
(241, 240, 240)
(82, 31, 35)
(161, 96, 85)
(153, 31, 41)
(26, 46, 36)
(192, 176, 150)
(238, 229, 219)
(57, 81, 72)
(91, 117, 113)
(244, 241, 237)
(145, 110, 78)
(161, 126, 94)
(229, 219, 208)
(209, 192, 168)
(199, 183, 178)
(115, 128, 125)
(161, 104, 87)
(133, 81, 65)
(245, 244, 245)
(59, 59, 59)
(17, 17, 17)
(234, 233, 233)
(37, 37, 37)
(199, 198, 199)
(237, 230, 227)
(144, 82, 65)
(205, 133, 104)
(193, 173, 164)
(181, 108, 85)
(183, 172, 169)
(74, 72, 82)
(34, 32, 40)
(213, 204, 203)
(53, 51, 59)
(151, 146, 145)
(46, 45, 48)
(244, 244, 246)
(65, 64, 67)
(98, 97, 98)
(171, 159, 158)
(115, 67, 48)
(35, 28, 27)
(222, 220, 226)
(140, 86, 66)
(45, 45, 46)
(237, 242, 244)
(87, 87, 88)
(27, 27, 27)
(57, 57, 59)
(110, 71, 49)
(230, 234, 236)
(190, 176, 148)
(61, 42, 31)
(130, 97, 76)
(241, 241, 240)
(99, 121, 160)
(206, 181, 149)
(67, 64, 79)
(61, 85, 130)
(177, 173, 183)
(129, 87, 189)
(236, 234, 238)
(68, 52, 97)
(14, 10, 23)
(117, 79, 179)
(33, 30, 40)
(87, 64, 132)
(58, 52, 70)
(14, 12, 21)
(236, 240, 241)
(40, 37, 44)
(157, 144, 137)
(109, 82, 75)
(79, 54, 46)
(26, 24, 32)
(77, 54, 124)
(110, 75, 173)
(10, 8, 16)
(47, 43, 55)
(230, 235, 236)
(100, 95, 78)
(50, 48, 42)
(188, 192, 189)
(82, 77, 61)
(233, 236, 240)
(55, 37, 31)
(104, 81, 72)
(138, 121, 113)
(77, 58, 51)
(103, 102, 107)
(179, 178, 172)
(230, 232, 230)
(47, 51, 60)
(68, 73, 81)
(178, 173, 163)
(116, 82, 59)
(63, 52, 49)
(229, 231, 227)
(138, 104, 81)
(231, 235, 238)
(56, 55, 56)
(179, 182, 184)
(85, 86, 87)
(35, 34, 34)
(80, 80, 81)
(54, 53, 54)
(41, 41, 41)
(236, 240, 243)
(29, 28, 29)
(240, 240, 240)
(73, 72, 75)
(47, 47, 50)
(130, 111, 92)
(210, 184, 147)
(102, 88, 80)
(70, 66, 64)
(228, 232, 235)
(30, 28, 26)
(51, 47, 46)
(189, 190, 185)
(35, 35, 35)
(226, 231, 233)
(83, 83, 82)
(55, 55, 55)
(38, 32, 30)
(233, 237, 239)
(72, 56, 49)
(126, 109, 97)
(180, 174, 160)
(43, 42, 44)
(141, 145, 146)
(26, 24, 26)
(227, 231, 236)
(63, 62, 64)
(40, 71, 74)
(139, 146, 121)
(221, 220, 208)
(173, 178, 149)
(234, 238, 235)
(226, 231, 236)
(216, 222, 232)
(234, 238, 241)
(122, 127, 138)
(205, 209, 214)
(42, 69, 125)
(239, 56, 2)
(234, 234, 234)
(251, 83, 11)
(181, 119, 107)
(236, 237, 241)
(56, 60, 64)
(77, 81, 86)
(155, 155, 159)
(35, 37, 41)
(248, 246, 244)
(144, 104, 74)
(59, 41, 32)
(184, 144, 115)
(95, 76, 66)
(136, 138, 137)
(19, 19, 17)
(53, 54, 52)
(37, 37, 35)
(233, 237, 238)
(240, 239, 239)
(44, 38, 33)
(117, 91, 74)
(169, 141, 118)
(76, 66, 59)
(228, 220, 210)
(112, 114, 126)
(80, 83, 98)
(53, 57, 73)
(241, 239, 241)
(242, 241, 246)
(85, 84, 84)
(61, 59, 59)
(116, 115, 117)
(41, 39, 38)
(148, 147, 149)
(70, 72, 77)
(233, 236, 237)
(105, 104, 105)
(52, 50, 51)
(241, 242, 245)
(175, 177, 184)
(128, 128, 134)
(228, 230, 239)
(69, 70, 73)
(45, 36, 32)
(147, 127, 117)
(116, 88, 75)
(91, 65, 52)
(236, 240, 241)
(237, 236, 239)
(128, 105, 99)
(65, 64, 65)
(223, 165, 144)
(44, 38, 37)
(213, 213, 213)
(71, 71, 72)
(40, 39, 41)
(237, 237, 238)
(21, 21, 22)
(244, 244, 248)
(71, 56, 50)
(153, 133, 120)
(203, 189, 171)
(98, 85, 79)
(162, 134, 113)
(67, 60, 56)
(245, 245, 249)
(97, 81, 76)
(33, 28, 25)
(166, 146, 139)
(99, 69, 61)
(248, 247, 245)
(63, 41, 35)
(131, 105, 99)
(135, 102, 80)
(55, 45, 40)
(240, 240, 239)
(110, 82, 63)
(178, 149, 128)
(150, 150, 150)
(95, 95, 96)
(57, 56, 56)
(241, 245, 248)
(29, 27, 27)
(205, 206, 206)
(92, 82, 81)
(45, 41, 40)
(240, 239, 242)
(155, 152, 150)
(122, 122, 122)
(26, 26, 26)
(85, 85, 85)
(50, 50, 50)
(234, 238, 241)
(139, 143, 144)
(83, 87, 87)
(237, 241, 242)
(46, 46, 46)
(105, 109, 110)
(216, 186, 152)
(46, 47, 63)
(176, 131, 91)
(250, 248, 246)
(96, 79, 75)
(196, 172, 150)
(79, 71, 66)
(235, 236, 238)
(143, 101, 77)
(44, 40, 39)
(87, 92, 98)
(31, 39, 48)
(15, 22, 27)
(231, 235, 236)
(54, 58, 63)
(217, 206, 191)
(204, 185, 160)
(123, 108, 90)
(238, 238, 235)
(189, 166, 138)
(174, 156, 146)
(104, 80, 66)
(248, 247, 245)
(135, 116, 101)
(56, 43, 37)
(97, 95, 90)
(230, 234, 235)
(21, 20, 18)
(66, 64, 59)
(44, 43, 40)
(209, 175, 134)
(241, 240, 239)
(169, 128, 92)
(191, 154, 113)
(99, 74, 57)
(147, 117, 110)
(31, 31, 32)
(73, 72, 74)
(242, 242, 245)
(51, 51, 53)
(237, 240, 241)
(44, 42, 43)
(97, 94, 95)
(195, 177, 165)
(69, 67, 67)
(237, 241, 240)
(198, 201, 198)
(41, 44, 47)
(125, 128, 126)
(227, 230, 226)
(104, 104, 104)
(228, 231, 233)
(35, 35, 35)
(180, 181, 181)
(72, 72, 72)
(26, 26, 25)
(233, 237, 237)
(71, 70, 67)
(41, 41, 40)
(155, 153, 144)
(154, 148, 147)
(28, 25, 24)
(235, 235, 242)
(54, 51, 51)
(80, 75, 76)
(235, 235, 234)
(62, 63, 68)
(135, 136, 137)
(244, 244, 246)
(211, 212, 210)
(116, 116, 122)
(206, 39, 59)
(232, 232, 235)
(61, 60, 69)
(40, 39, 48)
(103, 134, 170)
(237, 238, 241)
(129, 162, 196)
(73, 104, 140)
(52, 67, 86)
(179, 181, 184)
(234, 234, 236)
(59, 62, 73)
(113, 122, 132)
(218, 216, 216)
(168, 165, 166)
(56, 57, 68)
(75, 76, 87)
(240, 239, 238)
(92, 93, 104)
(165, 149, 135)
(47, 42, 38)
(242, 243, 247)
(85, 71, 65)
(130, 100, 79)
(186, 163, 146)
(73, 62, 60)
(47, 41, 39)
(237, 241, 242)
(29, 24, 21)
(242, 241, 245)
(45, 45, 40)
(110, 110, 102)
(78, 79, 71)
(222, 222, 226)
(159, 161, 159)
(23, 23, 21)
(236, 240, 240)
(66, 55, 49)
(221, 223, 220)
(82, 83, 83)
(58, 59, 59)
(22, 22, 21)
(233, 236, 237)
(41, 42, 41)
(115, 78, 177)
(71, 64, 84)
(7, 5, 13)
(25, 22, 32)
(46, 43, 53)
(234, 238, 239)
(77, 77, 77)
(29, 29, 28)
(50, 50, 50)
(117, 117, 114)
(23, 24, 22)
(116, 118, 117)
(67, 69, 68)
(228, 232, 233)
(38, 38, 37)
(236, 236, 239)
(133, 129, 127)
(137, 90, 63)
(195, 194, 193)
(66, 68, 76)
(156, 138, 120)
(52, 45, 39)
(112, 98, 86)
(82, 71, 61)
(233, 237, 238)
(133, 129, 130)
(39, 37, 38)
(79, 77, 78)
(241, 240, 242)
(56, 54, 56)
(57, 48, 44)
(129, 116, 103)
(106, 91, 77)
(233, 237, 238)
(75, 66, 62)
(44, 44, 42)
(128, 131, 130)
(232, 236, 237)
(102, 103, 102)
(64, 64, 62)
(154, 142, 130)
(82, 71, 64)
(30, 35, 40)
(234, 238, 239)
(48, 52, 58)
(77, 81, 93)
(147, 148, 152)
(211, 214, 214)
(233, 233, 233)
(243, 243, 245)
(205, 178, 138)
(111, 104, 86)
(136, 127, 106)
(73, 67, 50)
(242, 247, 249)
(150, 110, 78)
(234, 236, 237)
(71, 55, 38)
(97, 82, 64)
(191, 152, 111)
(240, 244, 245)
(86, 90, 104)
(174, 180, 180)
(226, 230, 227)
(57, 60, 74)
(233, 237, 236)
(83, 56, 44)
(120, 92, 77)
(60, 39, 28)
(218, 217, 201)
(246, 246, 247)
(205, 203, 206)
(104, 103, 116)
(70, 68, 82)
(236, 235, 237)
(141, 143, 142)
(49, 48, 49)
(78, 77, 77)
(226, 231, 234)
(28, 27, 27)
(130, 99, 83)
(196, 181, 166)
(65, 45, 38)
(242, 241, 242)
(100, 75, 64)
(115, 118, 114)
(228, 230, 226)
(72, 73, 72)
(31, 31, 30)
(154, 157, 151)
(73, 69, 58)
(232, 236, 236)
(200, 195, 170)
(104, 101, 86)
(49, 46, 35)
(92, 89, 88)
(242, 243, 246)
(63, 61, 60)
(140, 136, 130)
(42, 41, 39)
(100, 115, 139)
(69, 81, 101)
(227, 231, 234)
(35, 40, 55)
(172, 180, 195)
(119, 91, 65)
(224, 221, 236)
(193, 177, 179)
(145, 115, 87)
(162, 134, 104)
(242, 243, 246)
(58, 54, 57)
(131, 123, 118)
(184, 172, 158)
(95, 85, 84)
(242, 238, 238)
(83, 72, 45)
(144, 133, 104)
(229, 224, 221)
(115, 105, 76)
(95, 96, 95)
(14, 14, 12)
(231, 235, 236)
(30, 30, 28)
(49, 49, 48)
(235, 239, 240)
(27, 27, 26)
(74, 74, 75)
(160, 166, 168)
(48, 48, 48)
(190, 167, 141)
(128, 129, 137)
(242, 240, 245)
(41, 39, 42)
(108, 105, 110)
(154, 157, 161)
(50, 50, 54)
(68, 69, 73)
(30, 30, 32)
(229, 233, 239)
(103, 104, 104)
(233, 235, 233)
(58, 59, 58)
(189, 191, 188)
(33, 33, 32)
(169, 169, 165)
(84, 82, 84)
(122, 120, 118)
(49, 54, 63)
(237, 240, 244)
(242, 241, 245)
(54, 53, 51)
(74, 72, 73)
(129, 128, 129)
(38, 37, 36)
(188, 153, 121)
(135, 109, 92)
(57, 50, 46)
(240, 239, 244)
(90, 70, 63)
(242, 246, 249)
(115, 92, 82)
(41, 36, 34)
(174, 139, 103)
(85, 65, 56)
(241, 239, 243)
(112, 68, 38)
(175, 143, 113)
(209, 182, 152)
(143, 92, 56)
(232, 236, 236)
(116, 102, 89)
(54, 43, 34)
(159, 148, 135)
(77, 61, 49)
(204, 173, 137)
(170, 139, 107)
(232, 231, 227)
(110, 92, 77)
(190, 159, 124)
(108, 110, 114)
(22, 23, 22)
(234, 237, 239)
(76, 77, 80)
(47, 47, 49)
(221, 221, 227)
(64, 63, 66)
(118, 118, 124)
(20, 20, 21)
(39, 39, 40)
(240, 244, 247)
(117, 117, 118)
(60, 57, 57)
(215, 219, 219)
(40, 37, 37)
(236, 239, 239)
(218, 222, 223)
(205, 209, 210)
(189, 193, 194)
(167, 170, 171)
(240, 244, 248)
(66, 68, 78)
(188, 172, 153)
(215, 215, 215)
(111, 112, 120)
(232, 236, 237)
(86, 88, 65)
(130, 133, 113)
(40, 41, 30)
(106, 108, 86)
(129, 129, 129)
(26, 26, 25)
(43, 42, 42)
(14, 14, 12)
(232, 236, 237)
(232, 230, 236)
(118, 95, 80)
(84, 69, 57)
(168, 146, 132)
(198, 189, 193)
(152, 128, 122)
(91, 58, 50)
(116, 91, 86)
(46, 37, 35)
(234, 238, 241)
(133, 138, 144)
(29, 33, 41)
(52, 55, 59)
(15, 19, 23)
(233, 237, 238)
(220, 214, 201)
(57, 47, 39)
(165, 121, 82)
(234, 238, 239)
(194, 149, 106)
(183, 171, 162)
(228, 230, 233)
(196, 187, 179)
(169, 156, 147)
(243, 243, 247)
(191, 186, 169)
(145, 140, 139)
(61, 56, 58)
(244, 245, 249)
(98, 95, 97)
(142, 124, 111)
(117, 83, 63)
(98, 63, 42)
(231, 235, 236)
(47, 42, 37)
(230, 233, 239)
(61, 61, 61)
(210, 215, 219)
(141, 144, 147)
(238, 241, 246)
(241, 242, 245)
(82, 101, 125)
(102, 121, 145)
(134, 150, 168)
(47, 53, 66)
(135, 134, 130)
(39, 37, 35)
(103, 100, 95)
(242, 242, 246)
(61, 58, 57)
(195, 189, 186)
(242, 241, 242)
(116, 93, 89)
(214, 213, 216)
(112, 45, 53)
(65, 75, 92)
(244, 244, 248)
(120, 127, 140)
(217, 221, 225)
(33, 41, 57)
(37, 38, 37)
(117, 119, 119)
(231, 235, 236)
(66, 68, 67)
(21, 21, 20)
(123, 115, 115)
(40, 38, 37)
(89, 86, 85)
(240, 239, 244)
(60, 58, 57)
(205, 181, 158)
(130, 91, 69)
(177, 133, 103)
(59, 54, 56)
(233, 236, 237)
(52, 51, 51)
(234, 235, 237)
(157, 160, 162)
(198, 204, 208)
(95, 106, 117)
(232, 236, 237)
(41, 41, 40)
(98, 98, 98)
(116, 117, 116)
(82, 81, 81)
(126, 129, 128)
(73, 74, 74)
(234, 238, 239)
(45, 46, 45)
(98, 99, 99)
(229, 235, 240)
(10, 89, 159)
(113, 158, 191)
(8, 116, 204)
(44, 46, 51)
(231, 236, 237)
(17, 17, 16)
(93, 94, 97)
(47, 47, 47)
(80, 79, 82)
(87, 83, 86)
(231, 234, 235)
(22, 21, 26)
(149, 137, 127)
(48, 46, 49)
(183, 177, 176)
(76, 72, 73)
(131, 122, 122)
(41, 37, 41)
(213, 207, 208)
(47, 57, 78)
(178, 185, 184)
(211, 216, 224)
(76, 103, 123)
(233, 235, 243)
(232, 236, 237)
(81, 83, 84)
(50, 50, 52)
(214, 215, 79)
(26, 26, 26)
(228, 213, 199)
(107, 117, 89)
(246, 243, 239)
(179, 102, 57)
(183, 162, 145)
(234, 234, 235)
(121, 70, 49)
(148, 97, 76)
(57, 47, 51)
(164, 133, 123)
(234, 238, 239)
(126, 107, 96)
(54, 40, 32)
(166, 146, 131)
(92, 76, 67)
(80, 81, 80)
(16, 16, 16)
(121, 122, 120)
(230, 234, 235)
(44, 44, 44)
(185, 181, 166)
(112, 106, 83)
(243, 243, 244)
(53, 48, 40)
(87, 82, 61)
(59, 64, 71)
(40, 44, 51)
(234, 238, 241)
(16, 22, 31)
(123, 135, 144)
(124, 121, 118)
(77, 74, 74)
(243, 244, 248)
(37, 35, 35)
(58, 56, 56)
(183, 180, 179)
(139, 137, 136)
(165, 162, 161)
(90, 88, 87)
(237, 235, 236)
(243, 243, 246)
(110, 87, 74)
(168, 143, 126)
(44, 29, 23)
(81, 63, 53)
(214, 216, 220)
(53, 54, 60)
(36, 38, 43)
(234, 233, 238)
(77, 78, 87)
(72, 74, 85)
(146, 88, 52)
(235, 235, 238)
(148, 141, 140)
(53, 54, 64)
(205, 194, 174)
(49, 49, 47)
(84, 85, 82)
(23, 23, 20)
(233, 237, 238)
(157, 158, 147)
(65, 64, 62)
(241, 240, 245)
(94, 93, 89)
(26, 24, 22)
(131, 112, 103)
(105, 74, 62)
(76, 54, 43)
(232, 236, 237)
(45, 30, 22)
(248, 246, 243)
(66, 54, 51)
(213, 61, 63)
(194, 155, 151)
(236, 233, 230)
(242, 242, 243)
(63, 65, 75)
(189, 184, 181)
(143, 104, 105)
(231, 230, 228)
(127, 130, 134)
(235, 239, 243)
(47, 47, 48)
(73, 74, 76)
(29, 28, 29)
(109, 99, 85)
(237, 236, 241)
(149, 141, 130)
(72, 65, 60)
(212, 55, 71)
(130, 128, 131)
(30, 30, 30)
(79, 78, 81)
(233, 236, 237)
(53, 53, 55)
(161, 165, 174)
(119, 112, 113)
(208, 210, 214)
(60, 60, 67)
(243, 244, 248)
(235, 234, 232)
(72, 87, 103)
(182, 190, 195)
(50, 55, 64)
(163, 167, 169)
(224, 227, 230)
(105, 107, 112)
(181, 181, 179)
(241, 116, 52)
(57, 73, 98)
(228, 227, 224)
(91, 87, 84)
(150, 149, 145)
(243, 243, 245)
(202, 204, 202)
(124, 105, 108)
(56, 54, 54)
(236, 236, 236)
(35, 33, 33)
(69, 68, 68)
(233, 237, 238)
(40, 44, 51)
(61, 70, 84)
(95, 102, 113)
(19, 21, 21)
(238, 236, 232)
(69, 67, 70)
(190, 126, 79)
(107, 108, 107)
(220, 211, 195)
(183, 179, 191)
(221, 17, 38)
(53, 52, 64)
(220, 219, 230)
(240, 240, 245)
(233, 233, 230)
(54, 56, 64)
(124, 117, 115)
(69, 71, 81)
(180, 178, 175)
(217, 217, 213)
(83, 82, 80)
(190, 192, 187)
(146, 147, 143)
(241, 241, 240)
(226, 219, 204)
(131, 76, 52)
(240, 240, 244)
(159, 106, 81)
(64, 65, 73)
(97, 113, 127)
(243, 242, 241)
(193, 181, 174)
(226, 226, 226)
(213, 202, 193)
(167, 162, 160)
(58, 60, 70)
(238, 237, 240)
(38, 39, 47)
(94, 91, 94)
(232, 236, 237)
(155, 158, 158)
(28, 28, 27)
(75, 76, 75)
(45, 45, 44)
(237, 241, 243)
(46, 55, 98)
(147, 95, 90)
(206, 206, 206)
(225, 228, 226)
(240, 240, 244)
(45, 45, 55)
(169, 170, 166)
(227, 227, 228)
(77, 77, 87)
(90, 91, 97)
(61, 65, 72)
(174, 148, 123)
(230, 230, 232)
(41, 42, 48)
(156, 133, 118)
(37, 43, 62)
(84, 87, 101)
(51, 58, 79)
(227, 231, 232)
(90, 89, 95)
(175, 174, 169)
(36, 36, 46)
(238, 237, 242)
(208, 206, 205)
(218, 196, 168)
(243, 245, 244)
(232, 233, 232)
(155, 136, 113)
(200, 171, 136)
(119, 128, 142)
(196, 200, 206)
(44, 53, 68)
(84, 83, 97)
(235, 236, 240)
(93, 94, 93)
(222, 222, 218)
(242, 242, 245)
(184, 184, 182)
(143, 144, 142)
(103, 101, 104)
(32, 32, 33)
(65, 65, 67)
(236, 239, 243)
(49, 49, 51)
(111, 102, 85)
(232, 232, 233)
(61, 53, 37)
(90, 81, 60)
(225, 112, 43)
(118, 120, 141)
(57, 92, 162)
(238, 239, 243)
(47, 46, 52)
(74, 76, 94)
(223, 220, 215)
(249, 248, 245)
(231, 39, 59)
(238, 237, 234)
(84, 82, 79)
(26, 26, 25)
(99, 101, 100)
(62, 64, 63)
(233, 237, 238)
(43, 43, 43)
(215, 189, 151)
(181, 153, 115)
(60, 61, 77)
(241, 246, 249)
(76, 77, 96)
(181, 151, 126)
(82, 66, 62)
(33, 27, 25)
(243, 243, 247)
(114, 94, 87)
(170, 121, 78)
(47, 41, 36)
(146, 91, 46)
(124, 74, 34)
(231, 235, 236)
(229, 234, 234)
(35, 35, 35)
(109, 110, 111)
(56, 55, 55)
(172, 174, 175)
(181, 159, 121)
(230, 220, 207)
(214, 193, 158)
(142, 114, 75)
(239, 234, 223)
(179, 182, 180)
(217, 216, 212)
(171, 142, 121)
(238, 238, 236)
(85, 84, 81)
(96, 95, 94)
(77, 76, 76)
(129, 128, 129)
(47, 46, 48)
(244, 242, 245)
(163, 178, 145)
(235, 235, 239)
(216, 235, 180)
(108, 111, 109)
(237, 250, 200)
(205, 208, 217)
(112, 124, 143)
(63, 63, 67)
(238, 238, 244)
(9, 93, 177)
(214, 238, 166)
(60, 60, 58)
(121, 123, 117)
(37, 36, 35)
(238, 242, 243)
(218, 218, 218)
(48, 48, 48)
(33, 33, 33)
(239, 237, 238)
(91, 91, 91)
(47, 45, 46)
(243, 244, 248)
(100, 102, 108)
(74, 75, 81)
(134, 139, 142)
(163, 166, 172)
(55, 55, 56)
(232, 236, 242)
(107, 107, 110)
(126, 127, 130)
(122, 122, 123)
(237, 240, 241)
(34, 32, 33)
(55, 54, 55)
(81, 80, 81)
(222, 226, 232)
(189, 191, 191)
(107, 114, 109)
(73, 78, 78)
(236, 240, 244)
(37, 34, 34)
(113, 110, 106)
(71, 68, 66)
(242, 242, 246)
(216, 210, 204)
(238, 234, 226)
(242, 242, 246)
(195, 76, 97)
(249, 249, 252)
(124, 113, 153)
(89, 80, 68)
(225, 216, 204)
(243, 244, 247)
(115, 107, 93)
(55, 51, 44)
(235, 237, 238)
(103, 124, 74)
(22, 24, 21)
(52, 57, 45)
(159, 177, 139)
(24, 24, 24)
(247, 247, 248)
(145, 138, 139)
(209, 202, 203)
(50, 50, 50)
(222, 220, 215)
(164, 136, 108)
(60, 56, 54)
(245, 245, 248)
(211, 180, 141)
(231, 236, 240)
(36, 78, 99)
(60, 101, 120)
(25, 56, 71)
(114, 178, 183)
(80, 82, 88)
(240, 239, 242)
(54, 56, 67)
(34, 36, 47)
(135, 136, 139)
(65, 69, 86)
(245, 246, 250)
(207, 208, 211)
(106, 111, 125)
(35, 39, 56)
(85, 84, 85)
(55, 54, 55)
(29, 27, 28)
(41, 40, 40)
(238, 242, 245)
(37, 34, 34)
(242, 242, 246)
(71, 67, 66)
(112, 110, 105)
(216, 210, 204)
(33, 31, 34)
(230, 229, 233)
(59, 56, 59)
(243, 242, 246)
(155, 154, 157)
(200, 201, 188)
(125, 125, 127)
(100, 99, 102)
(233, 232, 234)
(66, 65, 66)
(174, 184, 147)
(186, 220, 31)
(240, 242, 243)
(38, 36, 35)
(68, 67, 64)
(232, 237, 241)
(103, 105, 110)
(170, 173, 180)
(148, 148, 149)
(192, 199, 212)
(230, 234, 239)
(47, 47, 47)
(98, 99, 99)
(131, 132, 133)
(76, 76, 76)
(52, 51, 53)
(133, 132, 131)
(225, 225, 224)
(242, 242, 244)
(31, 31, 32)
(117, 119, 123)
(47, 46, 48)
(239, 243, 244)
(28, 28, 29)
(68, 68, 70)
(32, 32, 31)
(214, 219, 226)
(125, 129, 130)
(52, 53, 53)
(231, 235, 238)
(244, 244, 248)
(100, 106, 99)
(224, 225, 229)
(161, 162, 157)
(76, 76, 73)
(244, 245, 249)
(122, 122, 124)
(59, 58, 57)
(82, 80, 79)
(47, 45, 44)
(99, 102, 95)
(48, 49, 43)
(74, 77, 70)
(236, 235, 232)
(133, 135, 127)
(110, 134, 165)
(200, 206, 207)
(223, 228, 230)
(233, 237, 240)
(43, 84, 141)
(128, 130, 134)
(79, 78, 81)
(45, 43, 44)
(243, 243, 248)
(25, 24, 24)
(54, 51, 51)
(32, 30, 30)
(188, 120, 94)
(237, 240, 244)
(205, 38, 44)
(235, 231, 227)
(75, 66, 59)
(108, 95, 85)
(168, 162, 157)
(38, 28, 22)
(185, 190, 203)
(234, 233, 238)
(249, 113, 50)
(150, 154, 162)
(86, 87, 93)
(109, 110, 112)
(54, 52, 54)
(77, 77, 80)
(242, 243, 246)
(36, 33, 34)
(136, 94, 72)
(193, 234, 6)
(46, 31, 22)
(189, 237, 88)
(238, 239, 239)
(64, 62, 64)
(244, 244, 248)
(111, 110, 112)
(204, 206, 211)
(230, 231, 235)
(67, 65, 69)
(33, 30, 32)
(118, 117, 123)
(50, 48, 51)
(242, 242, 247)
(226, 228, 236)
(240, 240, 245)
(208, 201, 186)
(222, 215, 203)
(169, 159, 145)
(129, 124, 124)
(74, 77, 82)
(20, 106, 182)
(228, 232, 234)
(43, 44, 46)
(146, 159, 182)
(60, 63, 81)
(236, 239, 241)
(39, 42, 60)
(81, 85, 103)
(230, 234, 238)
(188, 126, 108)
(101, 67, 59)
(25, 35, 44)
(48, 59, 69)
(243, 244, 248)
(58, 56, 59)
(89, 89, 93)
(39, 37, 39)
(26, 24, 26)
(164, 167, 173)
(35, 32, 32)
(58, 55, 56)
(246, 246, 250)
(88, 85, 87)
(239, 239, 243)
(78, 75, 79)
(40, 36, 40)
(108, 107, 110)
(63, 60, 65)
(80, 75, 74)
(48, 46, 45)
(241, 240, 244)
(205, 173, 136)
(27, 25, 25)
(243, 244, 248)
(88, 93, 107)
(37, 40, 56)
(142, 151, 163)
(59, 61, 73)
(192, 172, 146)
(82, 90, 98)
(45, 45, 46)
(55, 65, 76)
(243, 244, 248)
(128, 125, 121)
(242, 243, 246)
(98, 94, 91)
(158, 154, 150)
(61, 58, 57)
(241, 240, 245)
(40, 38, 38)
(114, 118, 123)
(62, 61, 60)
(18, 17, 16)
(168, 161, 143)
(33, 36, 51)
(83, 87, 101)
(55, 57, 69)
(243, 243, 247)
(234, 237, 238)
(111, 112, 113)
(38, 38, 38)
(177, 180, 181)
(60, 60, 60)
(129, 114, 105)
(61, 64, 73)
(84, 83, 86)
(38, 38, 42)
(236, 239, 240)
(40, 40, 27)
(69, 68, 48)
(194, 180, 157)
(95, 93, 71)
(240, 235, 226)
(19, 19, 19)
(247, 246, 245)
(157, 137, 126)
(44, 43, 43)
(65, 64, 55)
(48, 49, 60)
(142, 100, 82)
(213, 217, 215)
(233, 237, 238)
(117, 74, 55)
(151, 131, 126)
(129, 72, 47)
(147, 91, 68)
(71, 57, 58)
(229, 233, 235)
(234, 237, 238)
(41, 38, 39)
(88, 86, 87)
(131, 129, 129)
(59, 57, 60)
(160, 163, 161)
(221, 225, 223)
(45, 45, 44)
(82, 83, 81)
(235, 238, 238)
(25, 29, 43)
(189, 194, 197)
(93, 104, 121)
(53, 63, 85)
(239, 241, 243)
(128, 109, 98)
(50, 43, 41)
(237, 242, 242)
(86, 76, 67)
(186, 190, 184)
(236, 240, 241)
(75, 75, 76)
(49, 48, 49)
(133, 136, 138)
(28, 27, 27)
(102, 102, 103)
(24, 23, 25)
(235, 240, 242)
(61, 60, 61)
(42, 41, 42)
(59, 59, 61)
(85, 86, 88)
(145, 149, 149)
(33, 33, 34)
(229, 232, 231)
(236, 239, 240)
(97, 63, 47)
(122, 87, 72)
(146, 117, 105)
(55, 43, 39)
(80, 81, 85)
(212, 226, 124)
(152, 155, 162)
(228, 232, 234)
(54, 52, 56)
(159, 124, 112)
(106, 64, 49)
(235, 238, 239)
(55, 40, 36)
(129, 89, 74)
(46, 46, 46)
(64, 63, 64)
(238, 242, 243)
(120, 95, 99)
(28, 28, 28)
(123, 76, 51)
(240, 241, 242)
(160, 113, 89)
(65, 51, 45)
(140, 93, 68)
(133, 77, 52)
(153, 108, 88)
(66, 67, 77)
(109, 56, 32)
(227, 228, 229)
(146, 128, 113)
(55, 35, 21)
(80, 65, 52)
(105, 87, 72)
(234, 238, 240)
(105, 103, 104)
(37, 34, 33)
(151, 118, 93)
(230, 234, 232)
(95, 76, 68)
(234, 237, 238)
(116, 71, 48)
(50, 47, 55)
(142, 99, 79)
(164, 134, 119)
(234, 238, 242)
(52, 52, 57)
(33, 32, 34)
(134, 141, 144)
(82, 81, 89)
(187, 175, 163)
(22, 22, 25)
(130, 115, 106)
(48, 48, 51)
(240, 235, 228)
(95, 89, 85)
(137, 132, 129)
(42, 38, 37)
(237, 238, 240)
(71, 69, 67)
(100, 103, 104)
(234, 237, 238)
(44, 43, 44)
(154, 166, 170)
(134, 143, 146)
(29, 29, 30)
(207, 207, 209)
(53, 53, 53)
(89, 89, 89)
(249, 249, 249)
(121, 110, 103)
(78, 71, 74)
(237, 241, 242)
(29, 32, 43)
(44, 48, 61)
(139, 118, 110)
(217, 200, 182)
(74, 76, 83)
(240, 240, 244)
(45, 45, 50)
(146, 150, 157)
(54, 53, 53)
(81, 81, 81)
(222, 227, 236)
(33, 32, 33)
(230, 249, 39)
(227, 232, 232)
(132, 143, 109)
(56, 64, 42)
(222, 248, 125)
(164, 124, 89)
(229, 228, 220)
(55, 45, 30)
(114, 94, 70)
(75, 73, 57)
(136, 138, 142)
(45, 42, 45)
(87, 86, 91)
(62, 60, 64)
(237, 240, 241)
(97, 96, 93)
(55, 55, 57)
(229, 234, 239)
(35, 34, 36)
(178, 172, 146)
(222, 228, 229)
(80, 80, 78)
(55, 56, 62)
(28, 27, 25)
(105, 109, 109)
(244, 243, 241)
(89, 87, 65)
(54, 52, 37)
(183, 179, 171)
(121, 117, 93)
(170, 171, 168)
(189, 191, 188)
(239, 242, 241)
(49, 48, 48)
(223, 38, 58)
(216, 219, 216)
(159, 119, 95)
(54, 42, 47)
(129, 85, 63)
(240, 243, 243)
(111, 112, 114)
(49, 49, 49)
(74, 74, 74)
(234, 238, 239)
(29, 29, 28)
(78, 65, 58)
(153, 135, 120)
(217, 210, 192)
(237, 239, 240)
(128, 110, 95)
(226, 222, 211)
(48, 46, 44)
(242, 243, 244)
(81, 79, 75)
(107, 105, 101)
(128, 117, 112)
(230, 234, 234)
(98, 70, 58)
(53, 38, 32)
(135, 84, 59)
(227, 211, 184)
(34, 32, 30)
(243, 242, 247)
(57, 55, 55)
(107, 106, 106)
(243, 243, 247)
(89, 79, 75)
(166, 132, 113)
(62, 52, 48)
(220, 205, 192)
(237, 241, 246)
(178, 190, 191)
(80, 125, 100)
(53, 106, 76)
(225, 229, 234)
(231, 236, 240)
(116, 118, 122)
(58, 58, 59)
(212, 217, 228)
(38, 37, 38)
(98, 99, 108)
(44, 45, 53)
(226, 230, 233)
(67, 68, 79)
(181, 186, 190)
(64, 63, 64)
(219, 218, 221)
(162, 160, 161)
(125, 123, 124)
(251, 250, 249)
(111, 100, 98)
(90, 79, 78)
(63, 56, 55)
(234, 236, 237)
(39, 35, 34)
(236, 239, 240)
(78, 78, 78)
(113, 113, 113)
(24, 23, 23)
(48, 48, 48)
(90, 95, 101)
(131, 144, 156)
(57, 59, 62)
(231, 235, 238)
(32, 32, 33)
(113, 99, 99)
(236, 239, 240)
(54, 53, 53)
(220, 223, 224)
(36, 35, 35)
(239, 241, 244)
(143, 151, 153)
(66, 85, 88)
(198, 203, 206)
(228, 232, 236)
(239, 243, 244)
(64, 38, 29)
(136, 95, 81)
(163, 133, 124)
(115, 68, 51)
(90, 84, 84)
(129, 117, 112)
(233, 237, 238)
(42, 41, 45)
(64, 64, 69)
(234, 239, 243)
(180, 192, 200)
(86, 125, 150)
(218, 225, 233)
(70, 106, 132)
(62, 64, 37)
(221, 231, 136)
(138, 146, 84)
(18, 162, 200)
(231, 236, 228)
(230, 228, 227)
(85, 56, 44)
(188, 107, 60)
(149, 78, 39)
(166, 130, 112)
(234, 237, 239)
(70, 72, 80)
(154, 102, 85)
(208, 213, 211)
(45, 45, 52)
(239, 240, 238)
(140, 97, 76)
(47, 43, 42)
(112, 78, 59)
(162, 134, 119)
(159, 132, 113)
(144, 100, 70)
(50, 46, 43)
(242, 242, 240)
(106, 86, 74)
(218, 224, 234)
(228, 233, 238)
(181, 183, 178)
(236, 240, 243)
(206, 211, 217)
(126, 124, 139)
(30, 28, 31)
(86, 84, 98)
(236, 238, 240)
(56, 55, 62)
(165, 167, 170)
(57, 57, 57)
(26, 24, 25)
(237, 240, 241)
(105, 104, 106)
(144, 135, 130)
(53, 40, 34)
(234, 237, 238)
(85, 65, 55)
(107, 87, 75)
(118, 93, 81)
(54, 51, 51)
(33, 31, 31)
(234, 238, 239)
(167, 137, 114)
(94, 85, 72)
(128, 126, 118)
(33, 29, 26)
(237, 241, 242)
(57, 54, 51)
(31, 31, 32)
(227, 223, 209)
(237, 241, 243)
(52, 54, 73)
(122, 120, 116)
(239, 243, 244)
(50, 50, 50)
(25, 24, 25)
(86, 85, 86)
(226, 27, 54)
(28, 28, 28)
(242, 243, 245)
(61, 61, 62)
(106, 105, 106)
(45, 43, 44)
(220, 226, 234)
(162, 173, 174)
(237, 241, 245)
(197, 203, 206)
(134, 144, 147)
(153, 156, 162)
(29, 29, 29)
(87, 90, 94)
(229, 233, 237)
(50, 50, 52)
(233, 237, 241)
(177, 181, 189)
(57, 57, 57)
(221, 226, 231)
(93, 94, 97)
(112, 117, 119)
(223, 228, 237)
(174, 177, 179)
(81, 84, 86)
(144, 147, 149)
(239, 243, 243)
(202, 190, 168)
(72, 51, 38)
(112, 76, 55)
(137, 104, 82)
(98, 96, 98)
(20, 18, 18)
(62, 60, 60)
(39, 36, 37)
(243, 243, 247)
(29, 28, 28)
(238, 239, 240)
(75, 75, 75)
(136, 139, 141)
(50, 49, 49)
(198, 179, 155)
(51, 56, 63)
(22, 29, 40)
(239, 240, 242)
(78, 82, 89)
(231, 231, 234)
(65, 65, 66)
(38, 38, 39)
(163, 164, 167)
(17, 17, 18)
(227, 232, 234)
(165, 169, 168)
(24, 24, 23)
(41, 42, 41)
(101, 103, 103)
(181, 187, 192)
(236, 241, 243)
(126, 127, 116)
(223, 228, 232)
(70, 92, 82)
(152, 141, 135)
(104, 87, 82)
(57, 37, 31)
(236, 239, 239)
(76, 59, 54)
(80, 80, 87)
(241, 242, 244)
(161, 162, 158)
(148, 125, 104)
(57, 56, 62)
(238, 240, 241)
(53, 52, 53)
(87, 83, 83)
(28, 27, 28)
(128, 128, 129)
(121, 116, 117)
(27, 26, 26)
(72, 68, 68)
(236, 240, 241)
(45, 44, 44)
(239, 243, 244)
(84, 80, 83)
(29, 33, 39)
(136, 124, 117)
(50, 56, 65)
(177, 150, 131)
(81, 67, 63)
(238, 242, 243)
(50, 45, 44)
(109, 94, 89)
(97, 82, 84)
(232, 233, 229)
(181, 137, 116)
(213, 212, 205)
(240, 242, 240)
(152, 145, 152)
(47, 49, 58)
(84, 89, 102)
(240, 242, 246)
(67, 71, 83)
(129, 119, 109)
(237, 241, 242)
(195, 197, 190)
(105, 95, 86)
(77, 64, 55)
(86, 86, 89)
(61, 60, 61)
(232, 236, 242)
(40, 39, 40)
(135, 136, 140)
(107, 104, 110)
(40, 41, 53)
(138, 60, 57)
(55, 57, 68)
(226, 231, 238)
(247, 172, 82)
(35, 35, 35)
(229, 231, 233)
(126, 132, 134)
(74, 75, 78)
(164, 165, 169)
(56, 63, 76)
(235, 239, 242)
(82, 88, 101)
(35, 40, 52)
(237, 240, 241)
(53, 53, 53)
(103, 103, 104)
(69, 69, 69)
(18, 17, 16)
(240, 242, 242)
(84, 92, 98)
(224, 226, 224)
(199, 203, 201)
(233, 235, 234)
(109, 110, 124)
(144, 44, 53)
(76, 79, 93)
(224, 228, 235)
(36, 35, 45)
(124, 124, 129)
(21, 26, 40)
(40, 45, 61)
(236, 239, 241)
(62, 63, 70)
(173, 164, 155)
(234, 238, 238)
(86, 95, 101)
(45, 47, 51)
(200, 201, 196)
(167, 171, 175)
(51, 50, 51)
(105, 105, 108)
(68, 68, 70)
(239, 241, 245)
(143, 146, 150)
(94, 94, 96)
(43, 42, 43)
(239, 240, 242)
(65, 64, 65)
(239, 241, 242)
(32, 31, 30)
(140, 138, 139)
(86, 84, 85)
(55, 54, 55)
(47, 46, 47)
(66, 65, 66)
(28, 27, 28)
(93, 93, 95)
(237, 240, 242)
(120, 122, 121)
(233, 235, 232)
(172, 176, 174)
(194, 198, 194)
(47, 48, 57)
(195, 199, 197)
(69, 71, 70)
(231, 235, 234)
(97, 105, 107)
(118, 126, 128)
(237, 239, 238)
(80, 75, 72)
(214, 160, 157)
(236, 41, 52)
(244, 76, 80)
(243, 244, 244)
(142, 143, 144)
(218, 221, 219)
(77, 80, 92)
(236, 239, 237)
(97, 96, 97)
(23, 23, 23)
(59, 58, 60)
(39, 38, 39)
(236, 240, 242)
(237, 240, 241)
(106, 89, 78)
(153, 143, 125)
(31, 27, 25)
(68, 58, 53)
(30, 27, 26)
(140, 121, 106)
(238, 240, 241)
(84, 80, 79)
(54, 52, 53)
(238, 240, 242)
(131, 101, 80)
(188, 167, 149)
(108, 79, 59)
(55, 41, 34)
(103, 104, 105)
(46, 46, 46)
(17, 16, 15)
(234, 238, 240)
(71, 71, 72)
(214, 214, 208)
(234, 238, 238)
(180, 171, 152)
(224, 225, 220)
(81, 85, 89)
(138, 128, 121)
(54, 60, 69)
(77, 88, 99)
(42, 43, 46)
(229, 233, 232)
(104, 106, 107)
(36, 35, 35)
(60, 60, 60)
(236, 239, 240)
(179, 181, 180)
(237, 240, 238)
(229, 231, 226)
(208, 210, 204)
(175, 175, 167)
(223, 224, 219)
(236, 239, 240)
(178, 141, 125)
(148, 95, 73)
(123, 65, 39)
(54, 47, 50)
(229, 231, 230)
(87, 76, 82)
(213, 214, 211)
(161, 149, 146)
(237, 241, 242)
(125, 96, 81)
(66, 69, 78)
(232, 236, 236)
(49, 51, 57)
(170, 176, 177)
(245, 247, 246)
(234, 237, 236)
(217, 219, 216)
(229, 231, 228)
(239, 241, 241)
(134, 134, 133)
(34, 47, 77)
(232, 235, 234)
(43, 67, 146)
(47, 63, 102)
(189, 147, 122)
(244, 245, 248)
(163, 58, 48)
(223, 194, 166)
(120, 36, 28)
(144, 142, 143)
(35, 39, 53)
(90, 87, 90)
(57, 59, 69)
(232, 236, 237)
(157, 124, 106)
(82, 88, 98)
(40, 44, 54)
(229, 232, 231)
(60, 65, 74)
(195, 178, 158)
(238, 240, 239)
(170, 144, 115)
(227, 228, 223)
(100, 84, 70)
(175, 153, 129)
(152, 129, 103)
(201, 181, 159)
(229, 231, 227)
(116, 94, 72)
(64, 64, 56)
(212, 210, 200)
(107, 107, 99)
(155, 157, 149)
(234, 237, 238)
(235, 237, 239)
(183, 175, 163)
(58, 57, 57)
(124, 85, 60)
(218, 218, 210)
(232, 235, 234)
(89, 107, 119)
(207, 202, 187)
(145, 92, 63)
(169, 164, 148)
(234, 237, 238)
(116, 114, 92)
(57, 54, 43)
(142, 140, 117)
(190, 189, 174)
(236, 240, 241)
(57, 57, 57)
(105, 105, 106)
(39, 38, 39)
(79, 78, 80)
(227, 229, 229)
(178, 182, 181)
(67, 72, 81)
(119, 140, 152)
(235, 238, 240)
(230, 225, 216)
(215, 208, 194)
(148, 135, 123)
(183, 173, 159)
(240, 241, 242)
(233, 236, 233)
(60, 60, 60)
(41, 40, 40)
(148, 143, 141)
(89, 84, 84)
(92, 92, 75)
(59, 58, 39)
(235, 238, 241)
(40, 39, 21)
(73, 74, 60)
(229, 233, 235)
(42, 45, 52)
(124, 126, 133)
(80, 82, 89)
(172, 175, 181)
(21, 21, 21)
(115, 114, 114)
(52, 51, 52)
(235, 239, 240)
(36, 36, 36)
(229, 232, 230)
(84, 57, 45)
(123, 72, 43)
(170, 130, 105)
(149, 94, 62)
(135, 140, 145)
(34, 36, 44)
(75, 80, 91)
(55, 58, 68)
(232, 235, 235)
(102, 102, 105)
(236, 240, 241)
(42, 42, 43)
(177, 181, 175)
(65, 65, 66)
(169, 128, 90)
(232, 235, 233)
(209, 207, 198)
(122, 111, 100)
(165, 157, 145)
(236, 239, 239)
(30, 38, 57)
(63, 68, 79)
(112, 104, 112)
(228, 228, 220)
(222, 226, 227)
(205, 208, 209)
(238, 240, 242)
(53, 89, 148)
(232, 233, 235)
